11111111111111111111111111111111111111111111111111111111111111111111111111111110
10000000000000000000000000000000000000000000000000000000000000000000000000000010
10000000000000000000000000000000000000000000000000000000000000000000000000000010
10000000000000000000000000000000000000000000000000000000000000000000000000000010
10000000000000000000000000000000000000000000000000000000000000000000000000000010
10000000000000000000000000000000000000000000000000000000000000000000000000000010
10000000000000000000000000000000000000000000000000000000000000000000000000000010
10000000000000000000000000000000000000000000000000000000000000000000000000000010
10000000000000000000000000000000000000000000000000000000000000000000000000000010
10000000000000000000000000000000000000000000000000000000000000000000000000000010
10000000000000000000000000000000000000000000000000000000000000000000000000000010
10000000000000000000000000000000000000000000000000000000000000000000000000000010
10000000000000000000000000000000000000000000000000000000000000000000000000000010
10000000000000000000000000000000000000000000000000000000000000000000000000000010
10000000000000000000000000000000000000000000000000000000000000000000000000000010
10000000000000000000000000000000000000000000000000000000000000000000000000000010
10000000000000000000000000000000000000000000000000000000000000000000000000000010
10000000000000000000000000000000000000000000000000000000000000000000000000000010
10000000000000000000000000000000000000000000000000000000000000000000000000000010
10000000000000000000000000000000000000000000000000000000000000000000000000000010
10000000000000000000000000000000000000000000000000000000000000000000000000000010
10000000000000000000000000000000000000000000000000000000000000000000000000000010
10000000000000000000000000000000000000000000000000000000000000000000000000000010
10000000000000000000000000000000000000000000000000000000000000000000000000000010
11111111111111111111111111111111111111111111111111111111111111111111111111111110
