11111111111111111111111111111111111111111111111111111111111111111111111111111111
10000000000000000000000010000000000000000000000000000100000000000000000000000001
10000000000000000000000010000000000000000000000000000100000000000000000000000001
10000000000000000000000010000000000000000000000000000100000000000000000000000001
10000000000000000000000010000000000000000000000000000100000000000000000000000001
100000000Huou000000000001000000000000Bau00000000000001000000000000Ga000000000001
10000000000000000000000010000000000000000000000000000100000000000000000000000001
10000000000000000000000010000000000000000000000000000100000000000000000000000001
10000000000000000000000010000000000000000000000000000100000000000000000000000001
10000000000000000000000010000000000000000000000000000100000000000000000000000001
10000000000000000000000010000000000000000000000000000100000000000000000000000001
11111111111111111111111111111111111111111111111111111111111111111111111111111111
10000000000000000000000010000000000000000000000000000100000000000000000000000001
10000000000000000000000010000000000000000000000000000100000000000000000000000001
10000000000000000000000010000000000000000000000000000100000000000000000000000001
10000000000000000000000010000000000000000000000000000100000000000000000000000001
1000000000Ca0000000000001000000000000Cua000000000000010000000000Tom0000000000001
10000000000000000000000010000000000000000000000000000100000000000000000000000001
10000000000000000000000010000000000000000000000000000100000000000000000000000001
10000000000000000000000010000000000000000000000000000100000000000000000000000001
10000000000000000000000010000000000000000000000000000100000000000000000000000001
11111111111111111111111111111111111111111111111111111111111111111111111111111111